17:20:41,819 



--------------------------INSTANCE: X-n186-k15-C13_unit-demand.vrp using runtime 385------------------------------
17:20:41,819 
Seed: 42
17:27:06,845 
Result: Solution results
================
    # routes: 15
   # clients: 185
   objective: 23927.00
# iterations: 15610
    run-time: 385.01 seconds

Routes
------
Route #1: 34 165 148 63 70 179 48 92 21 138 44 50 65 
Route #2: 125 137 55 147 169 146 76 46 57 62 56 167 141 
Route #3: 59 37 15 31 103 163 144 1 90 7 185 130 127 
Route #4: 121 18 116 32 23 105 109 25 160 133 6 10 131 
Route #5: 87 52 100 142 114 113 178 174 96 101 40 22 88 
Route #6: 156 79 161 3 149 110 80 17 157 61 36 118 115 
Route #7: 145 95 136 51 83 134 78 75 81 106 150 29 39 
Route #8: 129 12 99 84 27 89 98 151 122 139 102 97 82 
Route #9: 184 71 135 66 20 112 54 94 11 180 35 19 16 
Route #10: 124 72 164 154 5 162 168 91 45 128 74 175 170 
Route #11: 2 69 159 77 9 183 182 30 93 28 
Route #12: 26 67 42 86 53 181 108 43 41 38 111 107 60 
Route #13: 13 176 58 155 68 172 
Route #14: 171 85 173 126 49 140 104 33 119 8 73 158 14 
Route #15: 152 166 153 143 47 120 123 132 117 64 177 4 24 

17:27:06,846 
Seed: 12
17:33:31,869 
Result: Solution results
================
    # routes: 15
   # clients: 185
   objective: 23865.00
# iterations: 17248
    run-time: 385.00 seconds

Routes
------
Route #1: 153 143 47 123 120 165 34 132 117 64 177 4 24 
Route #2: 148 63 70 179 48 55 147 21 138 44 92 50 65 
Route #3: 125 137 169 146 76 46 57 62 56 167 141 130 127 
Route #4: 72 121 18 116 103 163 144 1 31 15 37 59 166 
Route #5: 185 7 90 32 23 105 109 25 160 133 6 10 131 
Route #6: 87 52 100 142 114 113 178 174 96 101 40 22 88 
Route #7: 115 118 36 61 157 17 80 110 149 3 161 79 156 
Route #8: 145 136 51 83 134 78 75 81 106 150 29 95 164 
Route #9: 129 12 99 84 27 89 98 151 122 139 102 97 82 
Route #10: 170 175 74 128 45 91 39 168 162 5 154 53 67 
Route #11: 16 19 35 180 11 94 54 112 20 66 135 71 184 
Route #12: 28 93 30 182 183 9 77 159 69 2 
Route #13: 60 107 111 38 43 108 181 41 86 42 152 124 26 
Route #14: 172 68 155 58 176 13 
Route #15: 14 158 73 8 119 33 104 140 49 126 173 85 171 

17:33:31,869 
Seed: 37
17:39:56,899 
Result: Solution results
================
    # routes: 15
   # clients: 185
   objective: 23905.00
# iterations: 17236
    run-time: 385.01 seconds

Routes
------
Route #1: 153 143 47 123 120 165 34 132 117 64 177 4 24 
Route #2: 65 50 92 44 138 21 147 55 48 179 70 63 148 
Route #3: 125 137 169 146 76 46 57 62 56 167 141 127 166 
Route #4: 185 7 90 32 105 109 25 160 133 6 10 131 130 
Route #5: 59 37 15 31 1 144 163 103 116 18 40 22 88 
Route #6: 72 121 101 96 174 178 113 79 156 142 114 52 87 
Route #7: 100 115 118 36 61 157 17 80 110 149 3 161 23 
Route #8: 164 95 29 150 106 81 75 78 134 83 51 136 145 
Route #9: 82 97 102 139 122 151 98 89 27 84 99 12 129 
Route #10: 53 154 5 162 168 39 91 45 128 74 175 170 108 
Route #11: 16 19 35 180 11 94 54 112 20 66 135 71 184 
Route #12: 2 107 69 159 77 9 183 182 30 93 28 
Route #13: 60 67 111 38 43 181 41 86 42 152 124 26 
Route #14: 172 68 155 58 176 13 
Route #15: 171 85 173 126 49 140 104 33 119 8 73 158 14 

17:39:56,899 
Seed: 1000
17:46:21,933 
Result: Solution results
================
    # routes: 15
   # clients: 185
   objective: 23976.00
# iterations: 17521
    run-time: 385.01 seconds

Routes
------
Route #1: 65 44 138 21 92 50 70 63 148 165 120 123 47 
Route #2: 132 34 179 48 55 147 169 146 76 57 46 137 125 
Route #3: 59 130 131 10 133 25 160 6 62 56 167 141 127 
Route #4: 22 37 15 31 90 32 1 144 163 103 116 18 40 
Route #5: 101 96 174 178 114 142 156 79 23 105 109 7 185 
Route #6: 100 115 118 36 61 157 17 80 110 149 3 161 113 
Route #7: 87 52 78 75 81 106 134 83 51 150 29 136 154 
Route #8: 82 97 102 139 122 151 98 89 27 84 99 12 129 
Route #9: 86 5 162 168 145 95 39 91 45 128 74 175 170 
Route #10: 184 71 135 66 20 112 54 94 11 180 35 19 16 
Route #11: 111 38 41 43 108 181 53 164 121 88 72 42 67 
Route #12: 60 107 69 159 77 9 183 182 93 30 2 28 
Route #13: 13 176 58 155 68 172 
Route #14: 171 85 24 4 140 126 173 49 73 14 26 
Route #15: 158 8 119 33 104 177 64 117 143 153 166 152 124 

17:46:21,933 
Seed: 402
17:52:46,962 
Result: Solution results
================
    # routes: 15
   # clients: 185
   objective: 23932.00
# iterations: 15938
    run-time: 385.01 seconds

Routes
------
Route #1: 24 4 177 64 117 132 34 165 120 123 47 143 153 
Route #2: 65 50 92 44 138 21 147 55 48 179 70 63 148 
Route #3: 125 137 169 146 76 46 57 62 56 167 141 130 127 
Route #4: 101 178 113 23 105 109 25 160 133 6 10 131 185 
Route #5: 164 116 103 163 144 1 32 90 7 31 15 37 59 
Route #6: 115 118 36 61 157 17 80 110 149 3 161 79 156 
Route #7: 111 53 154 145 87 52 100 142 114 174 96 18 40 
Route #8: 91 39 29 150 106 81 75 78 134 83 51 136 95 
Route #9: 129 12 99 84 27 89 98 151 122 139 102 97 82 
Route #10: 16 19 35 180 11 94 54 112 20 66 135 71 184 
Route #11: 38 41 5 162 168 45 128 74 175 170 181 43 108 
Route #12: 2 107 69 159 77 9 183 182 30 93 28 
Route #13: 13 176 58 155 68 172 
Route #14: 26 124 152 166 88 22 121 72 86 42 67 60 
Route #15: 171 85 173 126 49 140 104 33 119 8 73 158 14 

17:52:46,963 
Seed: 68
17:59:11,997 
Result: Solution results
================
    # routes: 15
   # clients: 185
   objective: 23900.00
# iterations: 18359
    run-time: 385.01 seconds

Routes
------
Route #1: 24 4 177 64 117 132 34 165 120 123 47 143 153 
Route #2: 148 63 70 179 48 55 147 21 138 44 92 50 65 
Route #3: 127 130 141 167 56 62 57 46 76 146 169 137 125 
Route #4: 131 10 6 133 160 25 109 105 23 32 90 7 185 
Route #5: 121 40 18 116 103 163 144 1 31 15 37 59 166 
Route #6: 88 22 101 96 174 178 113 114 142 100 52 164 72 
Route #7: 115 118 36 61 157 17 80 110 149 3 161 79 156 
Route #8: 145 95 29 150 106 81 75 78 134 83 51 136 87 
Route #9: 99 84 27 89 98 151 122 139 102 97 82 175 170 
Route #10: 184 71 135 66 20 112 54 94 11 180 35 19 16 
Route #11: 129 12 74 128 45 91 39 168 162 5 154 53 67 
Route #12: 28 93 30 182 183 9 77 159 69 2 
Route #13: 26 124 152 42 86 41 181 108 43 38 111 107 60 
Route #14: 13 176 58 155 68 172 
Route #15: 171 85 173 126 49 140 104 33 119 8 73 158 14 

17:59:11,997 
Seed: 153
18:05:37,25 
Result: Solution results
================
    # routes: 15
   # clients: 185
   objective: 23876.00
# iterations: 16787
    run-time: 385.00 seconds

Routes
------
Route #1: 65 50 92 44 138 21 147 55 48 179 70 63 148 
Route #2: 127 141 167 56 62 57 46 76 146 169 137 125 120 
Route #3: 130 131 10 6 133 160 25 109 105 23 32 31 15 
Route #4: 121 18 116 103 163 144 1 90 7 185 37 59 152 
Route #5: 87 52 100 142 114 113 178 174 96 101 40 22 88 
Route #6: 115 118 36 61 157 17 80 110 149 3 161 79 156 
Route #7: 95 29 150 106 81 75 78 134 83 51 136 145 164 
Route #8: 82 97 102 139 122 151 98 89 27 84 99 12 129 
Route #9: 16 19 35 180 11 94 54 112 20 66 135 71 184 
Route #10: 42 72 154 5 162 168 39 91 45 128 74 175 170 
Route #11: 28 93 30 182 183 9 77 159 69 2 
Route #12: 26 124 67 86 53 181 108 43 41 38 111 107 60 
Route #13: 172 68 155 58 176 13 
Route #14: 171 85 173 126 49 140 104 33 119 8 73 158 14 
Route #15: 166 153 143 47 123 165 34 132 117 64 177 4 24 

18:05:37,25 
Seed: 24
18:12:02,78 
Result: Solution results
================
    # routes: 15
   # clients: 185
   objective: 23898.00
# iterations: 18161
    run-time: 385.03 seconds

Routes
------
Route #1: 153 143 47 123 120 165 34 132 117 64 177 104 4 
Route #2: 148 63 70 179 48 55 147 21 138 44 92 50 65 
Route #3: 125 137 169 146 76 46 57 62 56 167 141 127 166 
Route #4: 15 31 32 23 105 109 25 160 133 6 10 131 130 
Route #5: 59 37 185 7 90 1 144 163 103 116 18 121 72 
Route #6: 88 22 40 101 96 174 178 113 114 142 100 52 87 
Route #7: 156 79 161 3 149 110 80 17 157 61 36 118 115 
Route #8: 95 29 150 106 81 75 78 134 83 51 136 145 164 
Route #9: 129 12 99 84 27 89 98 151 122 139 102 97 82 
Route #10: 16 19 35 180 11 94 54 112 20 66 135 71 184 
Route #11: 67 53 154 5 162 168 39 91 45 128 74 175 170 
Route #12: 2 69 159 77 9 183 182 30 93 28 
Route #13: 60 107 111 38 43 108 181 41 86 42 152 124 26 
Route #14: 172 68 155 58 176 13 
Route #15: 171 85 24 173 126 49 140 33 119 8 73 158 14 

18:12:02,79 
Seed: 87
18:18:27,108 
Result: Solution results
================
    # routes: 15
   # clients: 185
   objective: 23864.00
# iterations: 18199
    run-time: 385.01 seconds

Routes
------
Route #1: 24 4 177 64 117 132 34 165 120 123 47 143 153 
Route #2: 65 50 92 44 138 21 147 55 48 179 70 63 148 
Route #3: 127 141 167 56 62 57 46 76 146 169 137 125 166 
Route #4: 130 131 10 6 133 160 25 109 105 23 32 31 15 
Route #5: 59 37 185 7 90 1 144 163 103 116 18 22 88 
Route #6: 87 52 100 142 114 113 178 174 96 101 40 121 72 
Route #7: 115 118 36 61 157 17 80 110 149 3 161 79 156 
Route #8: 95 29 150 106 81 75 78 134 83 51 136 145 164 
Route #9: 129 12 99 84 27 89 98 151 122 139 102 97 82 
Route #10: 184 71 135 66 20 112 54 94 11 180 35 19 16 
Route #11: 67 53 154 5 162 168 39 91 45 128 74 175 170 
Route #12: 28 93 30 182 183 9 77 159 69 2 
Route #13: 26 124 152 42 86 41 181 108 43 38 111 107 60 
Route #14: 172 68 155 58 176 13 
Route #15: 171 85 173 126 49 140 104 33 119 8 73 158 14 

18:18:27,108 
Seed: 2
18:24:52,138 
Result: Solution results
================
    # routes: 15
   # clients: 185
   objective: 23906.00
# iterations: 17211
    run-time: 385.01 seconds

Routes
------
Route #1: 65 50 92 44 138 21 147 55 48 179 70 63 148 
Route #2: 127 167 56 62 57 46 76 146 169 137 125 120 47 
Route #3: 141 10 6 133 160 25 109 105 23 32 31 15 37 
Route #4: 121 18 116 103 163 144 1 90 7 131 185 130 59 
Route #5: 87 52 100 142 114 113 178 174 96 101 40 22 88 
Route #6: 115 118 36 61 157 17 80 110 149 3 161 79 156 
Route #7: 154 29 150 106 81 75 78 134 83 51 136 95 145 
Route #8: 129 12 99 84 27 89 98 151 122 139 102 97 82 
Route #9: 184 71 135 66 20 112 54 94 11 180 35 19 16 
Route #10: 124 72 164 5 162 168 39 91 45 128 74 175 170 
Route #11: 2 69 159 77 9 183 182 30 93 28 
Route #12: 60 107 111 38 41 43 108 181 53 86 42 67 26 
Route #13: 172 68 155 58 176 13 
Route #14: 171 85 173 126 49 140 104 33 119 8 73 158 14 
Route #15: 152 166 153 143 123 165 34 132 117 64 177 4 24 

18:24:52,156 



--------------------------INSTANCE: X-n110-k13-C9_unit-demand.vrp using runtime 227------------------------------
18:24:52,156 
Seed: 42
18:28:39,168 
Result: Solution results
================
    # routes: 13
   # clients: 109
   objective: 14629.00
# iterations: 85069
    run-time: 227.00 seconds

Routes
------
Route #1: 63 72 21 75 88 96 95 17 28 
Route #2: 49 19 58 12 41 68 54 50 52 
Route #3: 8 40 47 35 73 86 10 100 62 
Route #4: 82 107 7 37 94 81 44 29 78 
Route #5: 48 57 13 23 70 16 90 1 3 
Route #6: 79 32 74 20 92 97 42 106 105 
Route #7: 108 38 45 34 67 89 46 5 91 
Route #8: 87 26 15 53 66 98 11 85 51 
Route #9: 69 109 18 25 103 24 84 77 6 
Route #10: 4 101 9 33 102 56 30 80 71 
Route #11: 55 76 83 22 61 60 104 93 43 
Route #12: 39 31 27 59 65 36 64 99 2 
Route #13: 14 

18:28:39,168 
Seed: 12
18:32:26,197 
Result: Solution results
================
    # routes: 13
   # clients: 109
   objective: 14629.00
# iterations: 83264
    run-time: 227.00 seconds

Routes
------
Route #1: 63 72 21 75 88 96 95 17 28 
Route #2: 49 19 58 12 41 68 54 50 52 
Route #3: 62 100 10 86 73 35 47 40 8 
Route #4: 14 
Route #5: 78 29 44 81 94 37 7 107 82 
Route #6: 3 1 90 16 70 23 13 57 48 
Route #7: 79 32 74 20 92 97 42 106 105 
Route #8: 108 38 45 34 67 89 46 5 91 
Route #9: 51 85 11 98 66 53 15 26 87 
Route #10: 69 109 18 25 103 24 84 77 6 
Route #11: 71 80 30 56 102 9 33 101 4 
Route #12: 55 76 83 22 61 60 104 93 43 
Route #13: 39 31 27 59 65 36 64 99 2 

18:32:26,198 
Seed: 37
18:36:13,226 
Result: Solution results
================
    # routes: 13
   # clients: 109
   objective: 14629.00
# iterations: 83389
    run-time: 227.00 seconds

Routes
------
Route #1: 28 17 95 96 88 75 21 72 63 
Route #2: 52 50 54 68 41 12 58 19 49 
Route #3: 62 100 10 86 73 35 47 40 8 
Route #4: 14 
Route #5: 78 29 44 81 94 37 7 107 82 
Route #6: 3 1 90 16 70 23 13 57 48 
Route #7: 79 32 74 20 92 97 42 106 105 
Route #8: 91 5 46 89 67 34 45 38 108 
Route #9: 51 85 11 98 66 15 53 26 87 
Route #10: 6 77 84 24 103 25 18 109 69 
Route #11: 4 101 9 33 102 56 30 80 71 
Route #12: 55 76 83 22 61 60 104 93 43 
Route #13: 2 99 64 36 65 59 27 31 39 

18:36:13,226 
Seed: 1000
18:40:00,254 
Result: Solution results
================
    # routes: 13
   # clients: 109
   objective: 14629.00
# iterations: 83766
    run-time: 227.00 seconds

Routes
------
Route #1: 28 17 95 96 88 75 21 72 63 
Route #2: 52 50 54 68 41 12 58 19 49 
Route #3: 8 40 47 35 73 86 10 100 62 
Route #4: 14 
Route #5: 78 29 44 81 94 37 7 107 82 
Route #6: 3 1 90 16 70 23 13 57 48 
Route #7: 79 32 74 20 92 97 42 106 105 
Route #8: 51 85 11 98 66 53 15 26 87 
Route #9: 69 109 18 25 103 24 84 77 6 
Route #10: 4 101 33 9 102 56 30 80 71 
Route #11: 55 76 83 22 61 60 104 93 43 
Route #12: 39 31 27 59 65 36 64 99 2 
Route #13: 108 38 45 34 67 89 46 5 91 

18:40:00,254 
Seed: 402
18:43:47,283 
Result: Solution results
================
    # routes: 13
   # clients: 109
   objective: 14629.00
# iterations: 81235
    run-time: 227.00 seconds

Routes
------
Route #1: 28 17 95 96 88 75 21 72 63 
Route #2: 49 19 58 12 41 68 54 50 52 
Route #3: 62 100 10 86 73 35 47 40 8 
Route #4: 78 29 44 81 94 37 7 107 82 
Route #5: 14 
Route #6: 48 57 13 23 70 16 90 1 3 
Route #7: 79 32 74 20 92 97 42 106 105 
Route #8: 108 38 45 34 67 89 46 5 91 
Route #9: 51 85 11 98 66 53 15 26 87 
Route #10: 69 109 18 25 103 24 84 77 6 
Route #11: 71 80 30 56 102 33 9 101 4 
Route #12: 55 76 83 22 61 60 104 93 43 
Route #13: 2 99 64 36 65 59 27 31 39 

18:43:47,283 
Seed: 68
18:47:34,311 
Result: Solution results
================
    # routes: 13
   # clients: 109
   objective: 14629.00
# iterations: 84001
    run-time: 227.00 seconds

Routes
------
Route #1: 28 17 95 96 88 75 21 72 63 
Route #2: 52 50 54 68 41 12 58 19 49 
Route #3: 8 40 47 35 73 86 10 100 62 
Route #4: 82 107 7 37 94 81 44 29 78 
Route #5: 48 57 13 23 70 16 90 1 3 
Route #6: 79 32 74 20 92 97 42 106 105 
Route #7: 91 5 46 89 67 34 45 38 108 
Route #8: 51 85 11 98 66 53 15 26 87 
Route #9: 14 
Route #10: 4 101 9 33 102 56 30 80 71 
Route #11: 55 76 83 22 61 60 104 93 43 
Route #12: 2 99 64 36 65 59 27 31 39 
Route #13: 6 77 84 24 103 25 18 109 69 

18:47:34,311 
Seed: 153
18:51:21,340 
Result: Solution results
================
    # routes: 13
   # clients: 109
   objective: 14629.00
# iterations: 82576
    run-time: 227.00 seconds

Routes
------
Route #1: 28 17 95 96 88 75 21 72 63 
Route #2: 52 50 54 68 41 12 58 19 49 
Route #3: 62 100 10 86 73 35 47 40 8 
Route #4: 14 
Route #5: 82 107 7 37 94 81 44 29 78 
Route #6: 48 57 13 23 70 16 90 1 3 
Route #7: 105 106 42 97 92 20 74 32 79 
Route #8: 108 38 45 34 67 89 46 5 91 
Route #9: 51 85 11 98 66 53 15 26 87 
Route #10: 6 77 84 24 103 25 18 109 69 
Route #11: 71 80 30 56 102 33 9 101 4 
Route #12: 43 93 104 60 61 22 83 76 55 
Route #13: 39 31 27 59 65 36 64 99 2 

18:51:21,340 
Seed: 24
18:55:08,367 
Result: Solution results
================
    # routes: 13
   # clients: 109
   objective: 14629.00
# iterations: 85667
    run-time: 227.00 seconds

Routes
------
Route #1: 28 17 95 96 88 75 21 72 63 
Route #2: 52 50 54 68 41 12 58 19 49 
Route #3: 8 40 47 35 73 86 10 100 62 
Route #4: 82 107 7 37 94 81 44 29 78 
Route #5: 14 
Route #6: 79 32 74 20 92 97 42 106 105 
Route #7: 3 1 90 16 70 23 13 57 48 
Route #8: 91 5 46 89 67 34 45 38 108 
Route #9: 69 109 18 25 103 24 84 77 6 
Route #10: 4 101 9 33 102 56 30 80 71 
Route #11: 55 76 83 22 61 60 104 93 43 
Route #12: 39 31 27 59 65 36 64 99 2 
Route #13: 51 85 11 98 66 53 15 26 87 

18:55:08,368 
Seed: 87
18:58:55,396 
Result: Solution results
================
    # routes: 13
   # clients: 109
   objective: 14629.00
# iterations: 83888
    run-time: 227.00 seconds

Routes
------
Route #1: 28 17 95 96 88 75 21 72 63 
Route #2: 49 19 58 12 41 68 54 50 52 
Route #3: 8 40 47 35 73 86 10 100 62 
Route #4: 14 
Route #5: 82 107 7 37 94 81 44 29 78 
Route #6: 48 57 13 23 70 16 90 1 3 
Route #7: 79 32 74 20 92 97 42 106 105 
Route #8: 91 5 46 89 67 34 45 38 108 
Route #9: 51 85 11 98 66 53 15 26 87 
Route #10: 6 77 84 24 103 25 18 109 69 
Route #11: 71 80 30 56 102 33 9 101 4 
Route #12: 43 93 104 60 61 22 83 76 55 
Route #13: 39 31 27 59 65 36 64 99 2 

18:58:55,396 
Seed: 2
19:02:42,426 
Result: Solution results
================
    # routes: 13
   # clients: 109
   objective: 14629.00
# iterations: 84676
    run-time: 227.00 seconds

Routes
------
Route #1: 28 17 95 96 88 75 21 72 63 
Route #2: 49 19 58 12 41 68 54 50 52 
Route #3: 62 100 10 86 73 35 47 40 8 
Route #4: 14 
Route #5: 82 107 7 37 94 81 44 29 78 
Route #6: 48 57 13 23 70 16 90 1 3 
Route #7: 79 32 74 20 92 97 42 106 105 
Route #8: 108 38 45 34 67 89 46 5 91 
Route #9: 87 26 15 53 66 98 11 85 51 
Route #10: 6 77 84 24 103 25 18 109 69 
Route #11: 71 80 30 56 102 9 33 101 4 
Route #12: 43 93 104 60 61 22 83 76 55 
Route #13: 39 31 27 59 65 36 64 99 2 

19:02:42,456 



--------------------------INSTANCE: X-n153-k22-C7_unit-demand.vrp using runtime 316------------------------------
19:02:42,456 
Seed: 42
19:07:58,490 
Result: Solution results
================
    # routes: 22
   # clients: 152
   objective: 20397.00
# iterations: 38210
    run-time: 316.00 seconds

Routes
------
Route #1: 13 27 62 101 61 78 107 
Route #2: 21 42 95 34 74 
Route #3: 120 30 80 24 79 136 123 
Route #4: 15 5 125 106 35 67 32 
Route #5: 14 66 89 1 145 49 129 
Route #6: 141 29 99 92 150 28 23 
Route #7: 113 109 60 86 9 40 47 
Route #8: 139 41 144 39 110 105 88 
Route #9: 102 87 149 111 131 65 147 
Route #10: 128 77 48 98 148 45 117 
Route #11: 130 146 63 33 90 8 83 
Route #12: 73 142 54 135 44 52 37 
Route #13: 103 81 114 18 76 85 50 
Route #14: 20 127 56 43 151 118 97 
Route #15: 68 138 93 55 121 2 16 
Route #16: 10 51 122 59 3 4 72 
Route #17: 19 70 100 137 22 96 132 
Route #18: 143 11 84 58 69 7 71 
Route #19: 140 31 119 91 126 133 46 
Route #20: 26 112 38 17 75 115 6 
Route #21: 152 12 116 108 94 134 25 
Route #22: 36 124 82 64 104 57 53 

19:07:58,490 
Seed: 12
19:13:14,524 
Result: Solution results
================
    # routes: 22
   # clients: 152
   objective: 20397.00
# iterations: 38595
    run-time: 316.01 seconds

Routes
------
Route #1: 107 78 61 101 62 27 13 
Route #2: 21 42 95 34 74 
Route #3: 120 30 80 24 79 136 123 
Route #4: 32 67 35 106 125 5 15 
Route #5: 129 49 145 1 89 66 14 
Route #6: 23 28 150 92 99 29 141 
Route #7: 47 40 9 86 60 109 113 
Route #8: 139 41 144 39 110 105 88 
Route #9: 102 87 149 111 131 65 147 
Route #10: 117 45 148 98 48 77 128 
Route #11: 130 146 63 33 90 8 83 
Route #12: 37 52 44 135 54 142 73 
Route #13: 50 85 76 18 114 81 103 
Route #14: 97 118 151 43 56 127 72 
Route #15: 68 138 93 55 121 2 16 
Route #16: 20 4 3 59 122 51 10 
Route #17: 19 70 100 137 22 96 132 
Route #18: 143 11 84 58 69 7 71 
Route #19: 140 31 119 91 126 133 46 
Route #20: 6 115 75 17 38 112 26 
Route #21: 152 12 116 108 94 134 25 
Route #22: 36 124 82 64 104 57 53 

19:13:14,524 
Seed: 37
19:18:30,548 
Result: Solution results
================
    # routes: 22
   # clients: 152
   objective: 20397.00
# iterations: 37744
    run-time: 316.00 seconds

Routes
------
Route #1: 13 27 62 101 61 78 107 
Route #2: 21 42 95 34 74 
Route #3: 120 30 80 24 79 136 123 
Route #4: 15 5 125 106 35 67 32 
Route #5: 129 49 145 89 1 66 14 
Route #6: 141 29 99 92 150 28 23 
Route #7: 113 109 60 86 9 40 47 
Route #8: 88 105 110 39 144 41 139 
Route #9: 147 65 131 111 149 87 102 
Route #10: 117 45 148 98 48 77 128 
Route #11: 130 146 63 33 90 8 83 
Route #12: 37 52 44 135 54 142 73 
Route #13: 50 85 76 18 114 81 103 
Route #14: 97 118 151 43 56 127 72 
Route #15: 16 2 121 55 93 138 68 
Route #16: 10 51 122 59 3 4 20 
Route #17: 132 96 22 137 100 70 19 
Route #18: 71 7 69 58 84 11 143 
Route #19: 46 133 126 91 119 31 140 
Route #20: 26 112 38 17 75 115 6 
Route #21: 25 134 94 108 116 12 152 
Route #22: 53 57 104 64 82 124 36 

19:18:30,549 
Seed: 1000
19:23:46,573 
Result: Solution results
================
    # routes: 22
   # clients: 152
   objective: 20397.00
# iterations: 38742
    run-time: 316.00 seconds

Routes
------
Route #1: 13 27 62 101 61 78 107 
Route #2: 74 34 95 42 21 
Route #3: 123 136 79 24 80 30 120 
Route #4: 15 5 125 106 35 67 32 
Route #5: 14 66 1 89 145 49 129 
Route #6: 47 40 9 86 60 109 113 
Route #7: 23 28 150 92 99 29 141 
Route #8: 88 105 110 39 144 41 139 
Route #9: 147 65 131 111 149 87 102 
Route #10: 128 77 48 98 148 45 117 
Route #11: 130 146 63 33 90 8 83 
Route #12: 37 52 44 135 54 142 73 
Route #13: 50 85 76 18 114 81 103 
Route #14: 72 127 56 43 151 118 97 
Route #15: 68 138 93 55 121 2 16 
Route #16: 20 4 3 59 122 51 10 
Route #17: 19 70 100 137 22 96 132 
Route #18: 71 7 69 58 84 11 143 
Route #19: 46 133 126 91 119 31 140 
Route #20: 26 112 38 17 75 115 6 
Route #21: 152 12 116 108 94 134 25 
Route #22: 53 57 104 64 82 124 36 

19:23:46,573 
Seed: 402
19:29:02,600 
Result: Solution results
================
    # routes: 22
   # clients: 152
   objective: 20397.00
# iterations: 38827
    run-time: 316.00 seconds

Routes
------
Route #1: 13 27 62 101 61 78 107 
Route #2: 129 49 145 1 89 66 14 
Route #3: 15 5 125 106 35 67 32 
Route #4: 88 105 110 39 144 41 139 
Route #5: 141 29 99 92 150 28 23 
Route #6: 47 40 9 86 60 109 113 
Route #7: 74 34 95 42 21 
Route #8: 102 87 149 111 131 65 147 
Route #9: 128 77 48 98 148 45 117 
Route #10: 130 146 63 33 90 8 83 
Route #11: 37 52 44 135 54 142 73 
Route #12: 20 127 56 43 151 118 97 
Route #13: 132 96 22 137 100 70 19 
Route #14: 68 138 93 55 121 2 16 
Route #15: 103 81 114 18 76 85 50 
Route #16: 143 11 84 58 69 7 71 
Route #17: 140 31 119 91 126 133 46 
Route #18: 26 112 38 17 75 115 6 
Route #19: 152 12 116 108 94 134 25 
Route #20: 36 124 82 64 104 57 53 
Route #21: 123 136 79 24 80 30 120 
Route #22: 72 4 3 59 122 51 10 

19:29:02,601 
Seed: 68
19:34:18,626 
Result: Solution results
================
    # routes: 22
   # clients: 152
   objective: 20397.00
# iterations: 37599
    run-time: 316.00 seconds

Routes
------
Route #1: 13 27 62 101 61 78 107 
Route #2: 14 66 89 1 145 49 129 
Route #3: 15 5 125 106 35 67 32 
Route #4: 123 136 79 24 80 30 120 
Route #5: 23 28 150 92 99 29 141 
Route #6: 47 40 9 86 60 109 113 
Route #7: 88 105 110 39 144 41 139 
Route #8: 102 87 149 111 131 65 147 
Route #9: 117 45 148 98 48 77 128 
Route #10: 130 146 63 33 90 8 83 
Route #11: 73 142 54 135 44 52 37 
Route #12: 50 85 76 114 18 81 103 
Route #13: 97 118 151 43 56 127 72 
Route #14: 16 2 121 55 93 138 68 
Route #15: 10 51 122 59 3 4 20 
Route #16: 132 96 22 137 100 70 19 
Route #17: 71 7 69 58 84 11 143 
Route #18: 140 31 119 91 126 133 46 
Route #19: 26 112 38 17 75 115 6 
Route #20: 25 134 94 108 116 12 152 
Route #21: 53 57 104 64 82 124 36 
Route #22: 74 34 95 42 21 

19:34:18,626 
Seed: 153
19:39:34,649 
Result: Solution results
================
    # routes: 22
   # clients: 152
   objective: 20397.00
# iterations: 36574
    run-time: 316.00 seconds

Routes
------
Route #1: 129 49 145 89 1 66 14 
Route #2: 21 42 95 34 74 
Route #3: 120 30 80 24 79 136 123 
Route #4: 32 67 35 106 125 5 15 
Route #5: 47 40 9 86 60 109 113 
Route #6: 141 29 99 92 150 28 23 
Route #7: 88 105 110 39 144 41 139 
Route #8: 107 78 61 101 62 27 13 
Route #9: 102 87 149 111 131 65 147 
Route #10: 117 45 148 98 48 77 128 
Route #11: 130 146 63 33 90 8 83 
Route #12: 73 142 54 135 44 52 37 
Route #13: 103 81 18 114 76 85 50 
Route #14: 72 127 56 43 151 118 97 
Route #15: 16 2 121 55 93 138 68 
Route #16: 10 51 122 59 3 4 20 
Route #17: 19 70 100 137 22 96 132 
Route #18: 143 11 84 58 69 7 71 
Route #19: 46 133 126 91 119 31 140 
Route #20: 26 112 38 17 75 115 6 
Route #21: 152 12 116 108 94 134 25 
Route #22: 36 124 82 64 104 57 53 

19:39:34,649 
Seed: 24
19:44:50,676 
Result: Solution results
================
    # routes: 22
   # clients: 152
   objective: 20397.00
# iterations: 37534
    run-time: 316.00 seconds

Routes
------
Route #1: 107 78 61 101 62 27 13 
Route #2: 21 42 95 34 74 
Route #3: 120 30 80 24 79 136 123 
Route #4: 32 67 35 106 125 5 15 
Route #5: 14 66 1 89 145 49 129 
Route #6: 113 109 60 86 9 40 47 
Route #7: 141 29 99 92 150 28 23 
Route #8: 88 105 110 39 144 41 139 
Route #9: 147 65 131 111 149 87 102 
Route #10: 117 45 148 98 48 77 128 
Route #11: 130 146 63 33 90 8 83 
Route #12: 73 142 54 135 44 52 37 
Route #13: 103 81 114 18 76 85 50 
Route #14: 20 127 56 43 151 118 97 
Route #15: 16 2 121 55 93 138 68 
Route #16: 72 4 3 59 122 51 10 
Route #17: 132 96 22 137 100 70 19 
Route #18: 143 11 84 58 69 7 71 
Route #19: 46 133 126 91 119 31 140 
Route #20: 26 112 38 17 75 115 6 
Route #21: 25 134 94 108 116 12 152 
Route #22: 36 124 82 64 104 57 53 

19:44:50,676 
Seed: 87
19:50:06,705 
Result: Solution results
================
    # routes: 22
   # clients: 152
   objective: 20397.00
# iterations: 39243
    run-time: 316.00 seconds

Routes
------
Route #1: 13 27 62 101 61 78 107 
Route #2: 74 34 95 42 21 
Route #3: 120 30 80 24 79 136 123 
Route #4: 15 5 125 106 35 67 32 
Route #5: 129 49 145 89 1 66 14 
Route #6: 141 29 99 92 150 28 23 
Route #7: 113 109 60 86 9 40 47 
Route #8: 139 41 144 39 110 105 88 
Route #9: 147 65 131 111 149 87 102 
Route #10: 117 45 148 98 48 77 128 
Route #11: 130 146 63 33 90 8 83 
Route #12: 73 142 54 135 44 52 37 
Route #13: 50 85 76 114 18 81 103 
Route #14: 97 118 151 43 56 127 72 
Route #15: 68 138 93 55 121 2 16 
Route #16: 20 4 3 59 122 51 10 
Route #17: 132 96 22 137 100 70 19 
Route #18: 71 7 69 58 84 11 143 
Route #19: 46 133 126 91 119 31 140 
Route #20: 26 112 38 17 75 115 6 
Route #21: 25 134 94 108 116 12 152 
Route #22: 53 57 104 64 82 124 36 

19:50:06,705 
Seed: 2
19:55:22,733 
Result: Solution results
================
    # routes: 22
   # clients: 152
   objective: 20397.00
# iterations: 37295
    run-time: 316.01 seconds

Routes
------
Route #1: 13 27 62 101 61 78 107 
Route #2: 21 42 95 34 74 
Route #3: 123 136 79 24 80 30 120 
Route #4: 32 67 35 106 125 5 15 
Route #5: 14 66 1 89 145 49 129 
Route #6: 23 28 150 92 99 29 141 
Route #7: 113 109 60 86 9 40 47 
Route #8: 88 105 110 39 144 41 139 
Route #9: 102 87 149 111 131 65 147 
Route #10: 117 45 148 98 48 77 128 
Route #11: 83 8 90 33 63 146 130 
Route #12: 73 142 54 135 44 52 37 
Route #13: 103 81 114 18 76 85 50 
Route #14: 97 118 151 43 56 127 20 
Route #15: 68 138 93 55 121 2 16 
Route #16: 72 4 3 59 122 51 10 
Route #17: 132 96 22 137 100 70 19 
Route #18: 143 11 84 58 69 7 71 
Route #19: 46 133 126 91 119 31 140 
Route #20: 6 115 75 17 38 112 26 
Route #21: 25 134 94 108 116 12 152 
Route #22: 36 124 82 64 104 57 53 

19:55:22,866 



--------------------------INSTANCE: X-n298-k31-C10_unit-demand.vrp using runtime 618------------------------------
19:55:22,866 
Seed: 42
20:05:40,928 
Result: Solution results
================
    # routes: 30
   # clients: 297
   objective: 33556.00
# iterations: 25783
    run-time: 618.01 seconds

Routes
------
Route #1: 152 84 173 270 105 193 108 82 58 204 
Route #2: 42 171 76 158 65 254 174 72 37 85 
Route #3: 224 104 89 161 63 200 1 252 21 163 
Route #4: 110 43 4 272 31 153 156 100 88 167 
Route #5: 49 209 155 280 260 194 35 26 169 81 
Route #6: 203 282 180 215 243 146 11 275 213 147 
Route #7: 250 249 178 48 51 262 19 246 229 145 
Route #8: 199 8 164 201 239 112 261 135 170 36 
Route #9: 107 38 77 219 289 139 121 40 133 24 
Route #10: 274 137 271 172 295 124 235 67 263 208 
Route #11: 138 62 207 52 46 211 285 41 92 16 
Route #12: 7 15 73 175 97 195 54 225 132 149 
Route #13: 118 221 231 216 264 286 50 33 17 190 
Route #14: 6 247 109 176 244 283 12 276 136 257 
Route #15: 74 256 150 9 181 123 14 228 28 93 
Route #16: 197 205 143 129 296 114 183 265 75 284 
Route #17: 258 269 177 230 87 187 68 23 99 223 
Route #18: 141 191 34 202 212 94 122 233 140 291 
Route #19: 27 234 60 266 214 186 198 217 125 210 
Route #20: 55 297 279 64 111 18 240 3 
Route #21: 117 218 273 206 5 78 127 165 120 128 
Route #22: 154 20 166 277 142 25 227 119 251 13 
Route #23: 126 253 131 259 95 96 157 182 160 248 
Route #24: 151 59 56 69 196 61 70 293 79 
Route #25: 241 281 294 292 159 162 144 66 192 86 
Route #26: 188 220 115 238 90 287 179 189 44 102 
Route #27: 103 91 134 57 232 222 53 268 130 116 
Route #28: 29 148 71 83 30 236 168 101 290 184 
Route #29: 47 80 226 39 113 255 106 242 278 22 
Route #30: 2 10 32 185 45 288 98 267 245 237 

20:05:40,928 
Seed: 12
20:15:58,999 
Result: Solution results
================
    # routes: 30
   # clients: 297
   objective: 33605.00
# iterations: 24256
    run-time: 618.02 seconds

Routes
------
Route #1: 82 108 193 105 270 42 173 84 152 255 
Route #2: 171 167 76 158 65 254 174 72 37 85 
Route #3: 224 104 89 203 161 63 200 1 252 21 
Route #4: 110 43 4 272 31 153 156 100 88 280 
Route #5: 275 169 26 35 194 260 155 209 49 81 
Route #6: 145 229 282 180 215 243 146 11 213 147 
Route #7: 250 249 178 24 133 48 51 262 19 246 
Route #8: 36 170 135 261 112 239 201 8 199 137 
Route #9: 138 62 149 132 219 289 139 121 40 164 
Route #10: 41 285 211 46 52 77 38 207 107 92 
Route #11: 208 67 235 271 295 172 124 16 136 257 
Route #12: 7 15 73 175 97 195 54 225 286 33 
Route #13: 244 190 17 50 264 216 231 221 118 176 
Route #14: 276 12 283 109 247 6 94 122 233 140 
Route #15: 93 28 228 14 123 181 9 150 256 74 
Route #16: 197 205 143 129 296 114 183 265 75 284 
Route #17: 202 212 60 266 258 269 177 214 234 34 
Route #18: 273 206 5 99 23 68 187 87 230 223 
Route #19: 3 55 240 18 111 64 279 297 291 141 
Route #20: 25 142 210 125 217 198 186 27 191 227 
Route #21: 277 117 218 78 127 165 120 128 166 20 
Route #22: 13 251 119 154 248 253 126 
Route #23: 293 70 61 274 263 196 69 56 59 151 
Route #24: 131 259 95 157 96 192 66 144 182 160 
Route #25: 294 116 130 268 162 159 292 281 241 86 
Route #26: 102 44 189 179 287 90 238 115 220 188 
Route #27: 103 91 53 222 232 57 134 101 290 184 
Route #28: 29 148 168 236 30 83 113 39 71 80 
Route #29: 79 22 204 163 58 106 242 278 226 47 
Route #30: 237 245 267 98 288 45 185 32 10 2 

20:15:58,999 
Seed: 37
20:26:17,99 
Result: Solution results
================
    # routes: 30
   # clients: 297
   objective: 33587.00
# iterations: 26325
    run-time: 618.05 seconds

Routes
------
Route #1: 255 152 84 173 270 105 193 108 82 106 
Route #2: 37 72 174 254 65 158 76 167 171 42 
Route #3: 224 104 89 203 161 63 200 1 252 21 
Route #4: 110 43 4 272 31 153 156 100 88 280 
Route #5: 275 169 26 35 194 260 155 209 49 81 
Route #6: 145 229 282 180 215 243 146 11 213 147 
Route #7: 170 135 249 178 48 51 262 19 246 250 
Route #8: 36 261 112 239 201 164 8 199 137 263 
Route #9: 107 38 77 219 289 139 121 40 133 24 
Route #10: 276 138 62 207 52 46 211 285 41 92 
Route #11: 257 136 16 124 172 295 271 235 67 208 
Route #12: 149 132 225 54 195 97 175 73 15 7 
Route #13: 190 17 33 50 286 264 216 231 221 118 
Route #14: 12 283 244 176 109 247 6 94 122 233 
Route #15: 74 256 150 9 181 123 14 228 28 93 
Route #16: 197 205 143 129 296 114 183 265 75 284 
Route #17: 34 234 214 177 269 258 266 60 212 202 
Route #18: 223 230 87 187 68 23 99 5 206 273 
Route #19: 3 55 240 18 111 64 279 297 140 291 
Route #20: 141 227 191 27 186 198 217 125 210 142 
Route #21: 25 277 117 218 78 127 165 120 128 166 
Route #22: 126 253 248 20 154 119 251 13 
Route #23: 160 182 95 157 96 192 66 144 162 268 
Route #24: 241 281 294 116 130 159 292 259 131 86 
Route #25: 151 59 56 69 196 274 61 70 293 79 
Route #26: 188 220 115 238 90 287 179 189 44 102 
Route #27: 103 91 53 222 232 57 134 101 290 184 
Route #28: 22 204 163 58 242 278 226 80 29 
Route #29: 168 45 288 98 267 245 237 236 30 148 
Route #30: 47 39 113 85 10 185 32 2 83 71 

20:26:17,99 
Seed: 1000
20:36:35,163 
Result: Solution results
================
    # routes: 30
   # clients: 297
   objective: 33576.00
# iterations: 27020
    run-time: 618.01 seconds

Routes
------
Route #1: 22 204 163 224 104 89 203 161 21 58 
Route #2: 152 108 84 173 270 105 193 1 200 82 
Route #3: 37 72 174 254 65 158 76 167 171 42 
Route #4: 280 88 100 156 153 31 272 4 43 110 
Route #5: 147 213 169 26 35 194 260 155 209 49 
Route #6: 252 63 81 275 11 146 243 215 180 282 
Route #7: 250 249 178 48 51 262 19 246 229 145 
Route #8: 36 170 135 261 112 239 201 164 8 199 
Route #9: 107 38 77 219 289 139 121 40 133 24 
Route #10: 208 263 67 235 124 172 295 271 137 274 
Route #11: 16 92 41 285 211 46 52 207 62 138 
Route #12: 7 15 73 175 97 195 54 225 132 149 
Route #13: 118 221 231 216 264 286 50 33 17 190 
Route #14: 257 136 276 12 283 244 176 109 247 6 
Route #15: 93 28 228 14 123 181 9 150 256 74 
Route #16: 284 75 265 183 114 296 129 143 205 197 
Route #17: 258 269 177 230 87 187 68 23 99 223 
Route #18: 141 191 34 202 212 94 122 233 140 291 
Route #19: 27 234 60 266 214 186 198 217 125 210 
Route #20: 55 297 279 64 111 18 240 3 
Route #21: 117 218 273 206 5 78 127 165 120 128 
Route #22: 154 20 166 277 142 25 227 119 251 13 
Route #23: 248 160 182 157 96 95 259 131 253 126 
Route #24: 151 59 56 69 196 61 70 293 79 
Route #25: 241 281 294 292 159 162 144 66 192 86 
Route #26: 188 220 115 238 90 287 179 189 44 102 
Route #27: 103 91 134 57 232 222 53 268 130 116 
Route #28: 184 290 101 168 237 245 267 236 30 148 
Route #29: 29 80 226 39 113 255 106 242 278 47 
Route #30: 45 288 98 32 185 10 2 85 83 71 

20:36:35,164 
Seed: 402
20:46:53,228 
Result: Solution results
================
    # routes: 30
   # clients: 297
   objective: 33629.00
# iterations: 26155
    run-time: 618.01 seconds

Routes
------
Route #1: 58 82 108 193 105 270 173 84 152 106 
Route #2: 22 204 163 21 252 1 200 63 104 224 
Route #3: 37 72 174 254 65 158 76 167 171 42 
Route #4: 110 43 4 272 31 153 156 100 88 280 
Route #5: 275 169 26 35 194 260 155 209 49 81 
Route #6: 229 246 180 282 215 243 146 11 213 147 
Route #7: 70 61 274 36 170 250 145 203 161 89 
Route #8: 135 261 24 133 48 51 262 19 178 249 
Route #9: 137 112 239 201 164 8 199 172 295 271 
Route #10: 138 62 207 38 77 219 289 139 121 40 
Route #11: 16 107 46 52 211 285 41 92 124 235 
Route #12: 7 15 73 175 97 195 54 225 132 149 
Route #13: 118 221 231 216 264 286 50 33 17 190 
Route #14: 122 94 6 247 109 176 244 283 12 276 
Route #15: 18 111 64 257 136 67 263 208 196 69 
Route #16: 74 256 150 9 181 123 14 228 28 93 
Route #17: 197 205 143 129 296 114 183 265 75 284 
Route #18: 202 212 60 266 258 269 177 214 234 34 
Route #19: 223 230 87 187 68 23 99 5 206 273 
Route #20: 291 297 279 233 140 191 227 119 251 13 
Route #21: 154 25 142 210 125 217 198 186 27 141 
Route #22: 20 166 128 120 165 127 78 218 117 277 
Route #23: 79 151 293 56 59 240 55 3 
Route #24: 126 253 131 259 95 96 157 182 160 248 
Route #25: 86 292 159 268 130 116 294 281 241 
Route #26: 162 115 287 179 189 44 102 144 66 192 
Route #27: 103 53 188 220 238 90 222 232 91 184 
Route #28: 290 101 168 237 245 267 236 30 148 29 
Route #29: 71 83 113 39 255 242 278 226 80 47 
Route #30: 85 2 10 185 32 98 288 45 134 57 

20:46:53,228 
Seed: 68
20:57:11,287 
Result: Solution results
================
    # routes: 30
   # clients: 297
   objective: 33591.00
# iterations: 24976
    run-time: 618.01 seconds

Routes
------
Route #1: 58 82 108 193 105 270 173 84 152 278 
Route #2: 42 171 167 76 158 65 254 174 72 37 
Route #3: 224 104 89 203 161 63 200 1 252 21 
Route #4: 280 88 100 156 153 31 272 4 260 169 
Route #5: 81 49 209 155 194 35 26 43 110 275 
Route #6: 145 229 282 180 215 243 146 11 213 147 
Route #7: 250 246 19 262 51 48 133 24 178 249 
Route #8: 199 8 164 201 239 261 135 170 36 274 
Route #9: 112 40 121 139 289 219 77 38 52 107 
Route #10: 61 263 137 271 172 295 235 67 208 196 
Route #11: 138 62 207 46 211 285 41 92 124 16 
Route #12: 7 15 73 175 97 195 54 225 132 149 
Route #13: 118 221 231 216 264 286 50 33 17 190 
Route #14: 6 247 109 176 244 283 12 276 136 257 
Route #15: 93 28 228 14 123 181 9 150 256 74 
Route #16: 284 75 265 183 114 296 129 143 205 197 
Route #17: 119 27 234 214 177 269 258 266 60 34 
Route #18: 291 140 233 122 94 212 202 191 227 141 
Route #19: 223 230 87 187 68 23 99 5 206 273 
Route #20: 3 240 18 111 64 279 297 55 
Route #21: 154 142 217 198 186 125 210 25 251 13 
Route #22: 277 117 218 78 127 165 120 128 166 20 
Route #23: 248 160 182 157 96 95 259 131 253 126 
Route #24: 29 22 293 70 69 56 59 151 79 
Route #25: 86 292 159 162 268 130 116 294 281 241 
Route #26: 192 66 144 102 44 189 179 287 115 220 
Route #27: 103 53 188 238 90 222 232 91 290 184 
Route #28: 168 237 245 267 98 288 45 134 57 101 
Route #29: 148 30 236 32 185 10 2 85 83 71 
Route #30: 47 80 226 39 113 255 106 242 163 204 

20:57:11,287 
Seed: 153
21:07:29,376 
Result: Solution results
================
    # routes: 30
   # clients: 297
   objective: 33571.00
# iterations: 26443
    run-time: 618.04 seconds

Routes
------
Route #1: 278 152 84 173 270 105 193 108 82 58 
Route #2: 42 171 167 76 158 65 254 174 72 37 
Route #3: 21 252 1 200 63 161 203 89 104 224 
Route #4: 280 88 100 156 153 31 272 4 43 110 
Route #5: 275 169 26 35 194 260 155 209 49 81 
Route #6: 145 229 282 180 215 243 146 11 213 147 
Route #7: 249 178 24 133 48 51 262 19 246 250 
Route #8: 274 36 170 135 261 112 239 201 8 199 
Route #9: 107 52 38 77 219 289 139 121 40 164 
Route #10: 196 208 67 235 295 172 271 137 263 61 
Route #11: 16 124 92 41 285 211 46 207 62 138 
Route #12: 149 132 225 54 195 97 175 73 15 7 
Route #13: 190 17 33 50 286 264 216 231 221 118 
Route #14: 6 247 109 176 244 283 12 276 136 257 
Route #15: 74 256 150 9 181 123 14 228 28 93 
Route #16: 197 205 143 129 296 114 183 265 75 284 
Route #17: 227 27 234 214 177 269 258 266 60 34 
Route #18: 13 141 191 202 212 94 122 233 140 291 
Route #19: 223 230 87 187 68 23 99 5 206 273 
Route #20: 3 240 18 111 64 279 297 55 
Route #21: 154 142 217 198 186 125 210 25 119 251 
Route #22: 277 117 218 78 127 165 120 128 166 20 
Route #23: 126 253 131 259 95 96 157 182 160 248 
Route #24: 79 151 59 56 69 70 293 22 29 
Route #25: 86 192 66 144 162 159 292 294 281 241 
Route #26: 188 220 115 238 90 287 179 189 44 102 
Route #27: 116 130 268 53 222 232 57 134 91 103 
Route #28: 148 30 236 267 245 237 168 101 290 184 
Route #29: 204 163 242 106 255 113 39 226 80 47 
Route #30: 71 83 85 2 10 185 32 98 288 45 

21:07:29,377 
Seed: 24
21:17:47,435 
Result: Solution results
================
    # routes: 30
   # clients: 297
   objective: 33538.00
# iterations: 26548
    run-time: 618.00 seconds

Routes
------
Route #1: 255 152 84 173 270 105 193 108 82 21 
Route #2: 37 72 174 254 65 158 76 167 171 42 
Route #3: 224 104 252 1 200 63 161 203 89 61 
Route #4: 169 260 4 272 31 153 156 100 88 280 
Route #5: 275 110 43 26 35 194 155 209 49 81 
Route #6: 145 229 282 180 215 243 146 11 213 147 
Route #7: 250 246 19 262 51 48 133 24 178 249 
Route #8: 199 8 201 239 112 261 135 170 36 274 
Route #9: 107 52 38 77 219 289 139 121 40 164 
Route #10: 196 263 137 271 172 295 124 235 67 208 
Route #11: 136 138 62 207 46 211 285 41 92 16 
Route #12: 149 132 225 54 195 97 175 73 15 7 
Route #13: 190 17 33 50 286 264 216 231 221 118 
Route #14: 257 276 12 283 244 176 109 247 6 233 
Route #15: 93 28 228 14 123 181 9 150 94 122 
Route #16: 75 265 183 114 296 129 143 205 256 74 
Route #17: 60 266 214 258 177 269 284 197 212 202 
Route #18: 273 206 5 99 23 68 187 87 230 223 
Route #19: 3 55 240 18 111 64 279 297 140 291 
Route #20: 210 125 217 198 186 234 34 27 191 141 
Route #21: 13 251 119 227 25 142 277 166 20 154 
Route #22: 248 160 182 128 120 165 127 78 218 117 
Route #23: 151 59 56 69 70 293 79 
Route #24: 126 253 131 259 292 130 116 294 281 241 
Route #25: 159 268 162 144 66 192 96 157 95 86 
Route #26: 188 220 115 238 90 287 179 189 44 102 
Route #27: 103 91 53 222 232 57 134 237 236 148 
Route #28: 184 290 101 168 30 83 113 39 71 29 
Route #29: 47 80 226 278 242 106 58 163 204 22 
Route #30: 245 267 98 288 45 185 32 10 2 85 

